# Wavelength, 1-sigma systematic calibration / radiative transfer errors
383.5668000 0.1224088
388.5747000 0.1122450
393.5827000 0.1023341
398.5907000 0.0927022
403.5987000 0.0833675
408.6067000 0.0743060
413.6146000 0.0655130
418.6226000 0.0569802
423.6306000 0.0486740
428.6386000 0.0405492
433.6466000 0.0326411
438.6546000 0.0261610
443.6625000 0.0223609
448.6705000 0.0194924
453.6785000 0.0174243
458.6865000 0.0161458
463.6945000 0.0155102
468.7024000 0.0151416
473.7104000 0.0147958
478.7184000 0.0144244
483.7264000 0.0140826
488.7344000 0.0137325
493.7423000 0.0132502
498.7503000 0.0125888
503.7583000 0.0118234
508.7663000 0.0111058
513.7743000 0.0105639
518.7823000 0.0102063
523.7902000 0.0099362
528.7982000 0.0096846
533.8062000 0.0093865
538.8142000 0.0089562
543.8222000 0.0083669
548.8301000 0.0076775
553.8381000 0.0069592
558.8461000 0.0062819
563.8541000 0.0057397
568.8621000 0.0053642
573.8700000 0.0051070
578.8780000 0.0048794
583.8860000 0.0046384
588.8940000 0.0043951
593.9020000 0.0041639
598.9100000 0.0039700
603.9179000 0.0038573
608.9259000 0.0038436
613.9339000 0.0038972
618.9419000 0.0039876
623.9499000 0.0040647
628.9578000 0.0041186
633.9658000 0.0041863
638.9738000 0.0042898
643.9818000 0.0044201
648.9898000 0.0045415
653.9977000 0.0046126
659.0057000 0.0046018
664.0137000 0.0045115
669.0217000 0.0043513
674.0297000 0.0041318
679.0376000 0.0038899
684.0456000 0.0036659
689.0536000 0.0034726
694.0616000 0.0032965
699.0696000 0.0031317
704.0776000 0.0029856
709.0855000 0.0028914
714.0935000 0.0029007
719.1015000 0.0030623
724.1095000 0.0033774
729.1175000 0.0037867
734.1254000 0.0042235
739.1334000 0.0046294
744.1414000 0.0049785
749.1494000 0.0052713
754.1574000 0.0055071
759.1653000 0.0056863
764.1733000 0.0058204
769.1813000 0.0059028
774.1893000 0.0058907
779.1973000 0.0057392
784.2053000 0.0054366
789.2132000 0.0050327
794.2212000 0.0045952
799.2292000 0.0041786
804.2372000 0.0038417
809.2452000 0.0036035
814.2531000 0.0034341
819.2611000 0.0032921
824.2691000 0.0031851
829.2771000 0.0031580
834.2851000 0.0032416
839.2930000 0.0034125
844.3010000 0.0036139
849.3090000 0.0037997
854.3170000 0.0039401
859.3250000 0.0039981
864.3330000 0.0039603
869.3409000 0.0038612
874.3489000 0.0037674
879.3569000 0.0037658
884.3649000 0.0039155
889.3729000 0.0042540
894.3808000 0.0048305
899.3888000 0.0056351
904.3968000 0.0065759
909.4048000 0.0075354
914.4128000 0.0084100
919.4207000 0.0091324
924.4287000 0.0096756
929.4367000 0.0100483
934.4447000 0.0102699
939.4527000 0.0103394
944.4607000 0.0102285
949.4686000 0.0098877
954.4766000 0.0092811
959.4846000 0.0084251
964.4926000 0.0073960
969.5006000 0.0063272
974.5085000 0.0053509
979.5165000 0.0045705
984.5245000 0.0040313
989.5325000 0.0036837
994.5405000 0.0034265
999.5484000 0.0031765
1004.5564000 0.0029001
1009.5644000 0.0026141
1014.5724000 0.0023565
1019.5804000 0.0021604
1024.5884000 0.0020356
1029.5963000 0.0019853
1034.6042000 0.0020153
1039.6123000 0.0021200
1044.6202000 0.0022775
1049.6283000 0.0024607
1054.6362000 0.0026502
1059.6442000 0.0028493
1064.6522000 0.0030584
1069.6602000 0.0032808
1074.6682000 0.0035089
1079.6761000 0.0037339
1084.6841000 0.0039656
1089.6921000 0.0042485
1094.7001000 0.0045976
1099.7081000 0.0050183
1104.7161000 0.0055176
1109.7240000 0.0060332
1114.7320000 0.0064959
1119.7400000 0.0068465
1124.7480000 0.0070556
1129.7560000 0.0071440
1134.7639000 0.0071419
1139.7719000 0.0070657
1144.7799000 0.0069494
1149.7878000 0.0067991
1154.7959000 0.0065700
1159.8038000 0.0062379
1164.8118000 0.0057969
1169.8198000 0.0052826
1174.8278000 0.0047591
1179.8358000 0.0042836
1184.8438000 0.0038818
1189.8517000 0.0035921
1194.8597000 0.0034145
1199.8677000 0.0032907
1204.8757000 0.0031875
1209.8837000 0.0030704
1214.8916000 0.0029323
1219.8997000 0.0028253
1224.9076000 0.0028026
1229.9156000 0.0028731
1234.9236000 0.0030284
1239.9315000 0.0032635
1244.9395000 0.0035774
1249.9475000 0.0039584
1254.9554000 0.0043788
1259.9635000 0.0048262
1264.9714000 0.0053151
1269.9794000 0.0058520
1274.9874000 0.0064774
1279.9954000 0.0073625
1285.0034000 0.0088655
1290.0114000 0.0114833
1295.0193000 0.0157512
1300.0273000 0.0221285
1305.0353000 0.0308748
1310.0433000 0.0427277
1315.0513000 0.0612500
1320.0592000 0.0905696
1325.0673000 0.1282199
1330.0752000 0.1684382
1335.0833000 0.2059280
1340.0912000 0.2371234
1345.0991000 0.2603106
1350.1070000 0.2754354
1355.1151000 0.2833766
1360.1230000 0.2854168
1365.1311000 0.2819745
1370.1392000 0.2717308
1375.1470000 0.2533598
1380.1550000 0.2264381
1385.1630000 0.1920723
1390.1710000 0.1531289
1395.1790000 0.1143847
1400.1869000 0.0815857
1405.1950000 0.0589039
1410.2029000 0.0450569
1415.2109000 0.0347030
1420.2189000 0.0262138
1425.2268000 0.0197482
1430.2347000 0.0151993
1435.2428000 0.0121910
1440.2509000 0.0103081
1445.2588000 0.0091434
1450.2668000 0.0084398
1455.2747000 0.0080825
1460.2827000 0.0080072
1465.2906000 0.0081381
1470.2987000 0.0083775
1475.3066000 0.0086437
1480.3146000 0.0088106
1485.3226000 0.0087433
1490.3306000 0.0083763
1495.3386000 0.0077780
1500.3466000 0.0071297
1505.3545000 0.0066586
1510.3625000 0.0064621
1515.3705000 0.0064731
1520.3785000 0.0065239
1525.3865000 0.0065057
1530.3945000 0.0064409
1535.4023000 0.0064202
1540.4104000 0.0065478
1545.4185000 0.0068471
1550.4264000 0.0072739
1555.4344000 0.0077291
1560.4423000 0.0080999
1565.4503000 0.0083959
1570.4583000 0.0086975
1575.4663000 0.0090549
1580.4742000 0.0094670
1585.4822000 0.0098779
1590.4902000 0.0101955
1595.4982000 0.0103260
1600.5062000 0.0102107
1605.5142000 0.0098982
1610.5222000 0.0094968
1615.5302000 0.0091122
1620.5381000 0.0087874
1625.5461000 0.0085004
1630.5541000 0.0081688
1635.5621000 0.0077157
1640.5700000 0.0071673
1645.5780000 0.0065892
1650.5860000 0.0060468
1655.5940000 0.0056062
1660.6020000 0.0052769
1665.6099000 0.0050013
1670.6179000 0.0047245
1675.6259000 0.0044124
1680.6339000 0.0040786
1685.6418000 0.0037688
1690.6498000 0.0035410
1695.6578000 0.0034473
1700.6658000 0.0035091
1705.6738000 0.0036716
1710.6818000 0.0038635
1715.6898000 0.0040386
1720.6978000 0.0041749
1725.7057000 0.0042951
1730.7137000 0.0044551
1735.7217000 0.0046785
1740.7297000 0.0049306
1745.7375000 0.0051447
1750.7456000 0.0052540
1755.7535000 0.0052178
1760.7616000 0.0050314
1765.7697000 0.0047273
1770.7775000 0.0044304
1775.7855000 0.0043735
1780.7935000 0.0047640
1785.8015000 0.0055676
1790.8094000 0.0065798
1795.8175000 0.0076677
1800.8254000 0.0088383
1805.8334000 0.0100182
1810.8414000 0.0111413
1815.8494000 0.0122184
1820.8574000 0.0132444
1825.8654000 0.0142111
1830.8733000 0.0151416
1835.8813000 0.0161860
1840.8893000 0.0176975
1845.8973000 0.0201380
1850.9052000 0.0240059
1855.9132000 0.0297343
1860.9211000 0.0373902
1865.9292000 0.0466562
1870.9373000 0.0573078
1875.9452000 0.0689190
1880.9531000 0.0805812
1885.9610000 0.0910936
1890.9691000 0.0993624
1895.9770000 0.1046702
1900.9851000 0.1068180
1905.9930000 0.1059013
1911.0010000 0.1021456
1916.0090000 0.0959208
1921.0170000 0.0875669
1926.0250000 0.0774131
1931.0330000 0.0659664
1936.0409000 0.0539374
1941.0490000 0.0421744
1946.0569000 0.0315127
1951.0650000 0.0227032
1956.0729000 0.0163700
1961.0808000 0.0128159
1966.0887000 0.0114794
1971.0968000 0.0114138
1976.1049000 0.0119682
1981.1128000 0.0128342
1986.1207000 0.0138248
1991.1287000 0.0147736
1996.1367000 0.0155753
2001.1447000 0.0161422
2006.1527000 0.0164413
2011.1606000 0.0165119
2016.1686000 0.0163835
2021.1766000 0.0160244
2026.1846000 0.0153916
2031.1926000 0.0144703
2036.2006000 0.0133011
2041.2085000 0.0119605
2046.2166000 0.0105983
2051.2246000 0.0094138
2056.2324000 0.0085963
2061.2405000 0.0082305
2066.2483000 0.0082455
2071.2563000 0.0085108
2076.2644000 0.0088736
2081.2725000 0.0091538
2086.2805000 0.0092341
2091.2883000 0.0090797
2096.2964000 0.0087225
2101.3042000 0.0082430
2106.3123000 0.0077264
2111.3203000 0.0072267
2116.3284000 0.0067602
2121.3362000 0.0063263
2126.3442000 0.0058889
2131.3523000 0.0054037
2136.3600000 0.0048954
2141.3682000 0.0044115
2146.3762000 0.0040537
2151.3840000 0.0039313
2156.3920000 0.0040677
2161.4001000 0.0043789
2166.4082000 0.0047475
2171.4160000 0.0050485
2176.4240000 0.0052513
2181.4320000 0.0053997
2186.4400000 0.0055337
2191.4480000 0.0056759
2196.4558000 0.0057919
2201.4639000 0.0058184
2206.4720000 0.0057153
2211.4800000 0.0054639
2216.4878000 0.0050820
2221.4958000 0.0046757
2226.5040000 0.0043689
2231.5117000 0.0042176
2236.5198000 0.0042118
2241.5278000 0.0042863
2246.5360000 0.0043605
2251.5437000 0.0043815
2256.5518000 0.0043348
2261.5598000 0.0042363
2266.5676000 0.0041702
2271.5757000 0.0042343
2276.5835000 0.0044420
2281.5916000 0.0047152
2286.5996000 0.0049389
2291.6077000 0.0050403
2296.6155000 0.0050322
2301.6235000 0.0050057
2306.6316000 0.0050870
2311.6394000 0.0053538
2316.6475000 0.0057653
2321.6555000 0.0062083
2326.6636000 0.0065714
2331.6714000 0.0068047
2336.6794000 0.0068913
2341.6875000 0.0068244
2346.6953000 0.0066435
2351.7034000 0.0064517
2356.7112000 0.0063551
2361.7192000 0.0063620
2366.7273000 0.0063970
2371.7354000 0.0063751
2376.7434000 0.0062916
2381.7512000 0.0062342
2386.7593000 0.0063870
2391.7670000 0.0069786
2396.7751000 0.0083228
2401.7832000 0.0107862
2406.7913000 0.0144198
2411.7990000 0.0187208
2416.8071000 0.0229971
2421.8152000 0.0267148
2426.8230000 0.0296121
2431.8310000 0.0316666
2436.8390000 0.0329783
2441.8470000 0.0336573
2446.8550000 0.0337306
2451.8630000 0.0326516
2456.8710000 0.0298617
2461.8790000 0.0270825
2466.8870000 0.0241267
2471.8950000 0.0209606
2476.9028000 0.0176110
2481.9110000 0.0141105
2486.9190000 0.0105042
2491.9268000 0.0068422
2496.9348000 0.0031719
2501.9429000 -0.0004828
2506.9507000 -0.0041371
2511.9587000 -0.0077917
